5.79428 -9.66375 0.599279
-5.64545 0.855519 1.56202
1.55102 1.16696 1.03061
9.44982 4.67481 2.36561
-2.79232 4.67537 0.670052
6.66341 -8.50277 1.64768
3.65166 2.28379 2.02277
-6.42233 -4.03454 0.394347
4.00628 -3.2871 0.912388
-6.05915 7.3047 0.739634
8.09525 3.09897 0.785027
-9.68787 7.45352 2.25052
-0.339541 -0.995461 1.05806
5.07238 -1.54564 0.339161
0.37321 5.66204 2.32034
3.11434 2.32545 2.52246
-6.90283 -4.0229 1.48077
5.85846 -0.445229 2.28611
6.55732 -6.43894 0.492353
-8.90647 -2.4981 2.82849
-5.64992 -4.40285 1.89685
-2.05713 -4.09072 1.55307
-7.60882 5.56974 2.76869
-1.99354 0.642119 1.21003
-1.70346 -8.98467 0.624401
-6.73801 4.12967 2.28834
9.72468 7.22683 0.395245
-1.52885 3.08529 1.68514
-6.81692 -0.357388 2.16588
-5.39208 0.736143 0.478638
-6.66255 5.08622 1.23425
5.16596 -6.97091 2.03201
-5.55201 -4.57973 1.43392
-7.26544 3.42673 2.87061
-0.524508 -8.27673 0.307677
1.87846 -5.01474 2.21518
-3.39313 -5.29006 1.84081
-2.68761 3.18109 0.907319
7.57268 6.36417 2.20907
1.39403 -9.02791 0.958451
2.71727 -5.69045 2.99509
9.63767 9.47551 0.704018
2.46735 -6.0765 1.43576
-9.13323 -3.34193 0.548364
9.90832 6.13356 0.781005
9.96519 -1.98798 1.45402
4.15172 4.61889 2.08986
-4.43491 -8.06872 1.16931
0.0637522 9.50397 0.678469
-5.79498 0.897993 0.809702
